00000000000000000000000000000000
00000000000000000000000000000000
00000000000000000000000000000000
00000000000000000000000000000000
00000000000000000000000000000000
00000000000000000000000000000000
00000000000000000000000000000000
00000000000000000000000000000000
00000000000000000000000000000000
00000000000000000000000000000000
00000000000000000000000000000000
00000000000000000000000000000000
00000000000000000000000000000000
00000000000000000000000000000000
00000000000000000000000000000000
00000000000000000000000000000000
00000000000000000000000000000000
00000000000000000000000000011011
00110010001100100011001000110010
00110010001100100001101100000000
00000000000000000000000000000000
00000000000000000000000000000000
00000000000000000000000000000000
00000000000000000000000000000000
00000000000000000000000000000000
00000000000000000000000000000000
00000000000000000000000000000000
00000000000000000000000000000000
00000000000000000000000000000000
00000000001010001000010010010011
10010011100100111001001110010011
10010011100100111001001110010011
10010011100100111001001110000100
00101000000000000000000000000000
00000000000000000000000000000000
00000000000000000000000000000000
00000000000000000000000000000000
00000000000000000000000000000000
00000000000000000000000000000000
00000000000000000000000000000000
00000000000000000000000000000000
00000000010100101001001110010011
10010011100100111001001110010011
10010011100100111001001110010011
10010011100100111001001110010011
10010011100100111001001110010011
10010011001010100000000000000000
00000000000000000000000000000000
00000000000000000000000000000000
00000000000000000000000000000000
00000000000000000000000000000000
00000000000000000000000000000000
00000000000000000000000000000000
00000001100100111001001110010011
10010011100100111001001110010011
10010011100100111001001110010011
10010011100100111001001110010011
10010011100100111001001110010011
10010011100100111001001110010011
10010011000000010000000000000000
00000000000000000000000000000000
00000000000000000000000000000000
00000000000000000000000000000000
00000000000000000000000000000000
00000000000000000000000000000000
00000000010100001001001110010011
10010011100100111001001110010011
10010011100100111001001110010011
10010011100100111001001110010011
10010011100100111001001110010011
10010011100100111001001110010011
10010011100100111001001110010011
01010000000000000000000000000000
00000000000000000000000000000000
00000000000000000000000000000000
00000000000000000000000000000000
00000000000000000010000111101110
11101001111001001110010011101010
10110010101100001011000010110000
10110000101100001011000010110000
10110000101100001011000010110000
10110000101100001011000010110000
10110000101100001011000010110000
10110000101100001011000010110000
10110000101100001110100111110011
11110011111100111111001100111111
00000000000000000000000000000000
00000000000000000000000000000000
00000000000000000000000001011110
11001110111000101110001011101100
11110010111100111111001111110011
11110011111100111111001111110011
11110011111100111111001111110011
11110011111100111111001111110011
11110011111100111111001111110011
11110011111100111111001111110011
11110011111100111111001111110011
11110011111100111111001111110011
11110011111100111101010000000000
00000000000000000000000000000000
00000000000000000000000000000000
00000100111010011110001011100011
11110000111100111111001111110011
11110011111100111111001111110011
11110011111100111111001111110011
11110011111100111111001111110011
11110011111100111111001111110011
11110011111100111111001111110011
11110011111100111111001111110011
11110011111100111111001111110011
11110011111100111111001111110011
11110011111100110000000000000000
00000000000000000000000000000000
00000000000000001110011111100011
11100010111011011110100110100100
10010111101010011010111110101111
10101111101011111010111110101111
10101111101011111010111110101111
10101111101011111010111110101111
10101111101011111010111110101111
10101111101011111010111110101111
10101111101011111010111110101111
10101111101011111011000111010011
11110011111100111111001111110011
00000000000000000000000000000000
00000000000000000000000000000000
11100001111000101110001111100100
10000101100010101010010010100100
10100100101001001010010010100100
10100100101001001010010010100100
10100100101001001010010010100100
10100100101001001010010010100100
10100100101001001010010010100100
10100100101001001010010010100100
10100100101001001010010010100100
10100100101001001011111111110011
11110011111100111010001000000000
00000000000000000000000000000000
00000000000000001110010011100010
11100111100111111000010010100000
10100100101001001010010010100100
10100100101001001010010010100100
10100100101001001010010010100100
10100100101001001010010010100100
10100100101001001010010010100100
10100100101001001010010010100100
10100100101001001010010010100100
10100100101001001010010010100100
10100100111011011111001111110011
11110011000000000000000000000000
00000000000000000000000000000000
11100010111000101110100110010001
10000100101000111010010010100100
10100100101001001010010010100100
10100100101001001010010010100100
10100100101001001010010010100100
10100100101001001010010010100100
10100100101001001010010010100100
10100100101001001010010010100100
10100100101001001010010010100100
10100100101001001010010011100011
11110011111100111111001100000000
00000000000000000000000000000000
00000000000000001110001111100010
11101000100100011000010010100011
10100100101001001010010010100100
10100100101001001010010010100100
10100100101001001010010010100100
10100100101001001010010010100100
10100100101001001010010010100100
10100100101001001010010010100100
10100100101001001010010010100100
10100100101001001010010010100100
10100100111000111111001111110011
11110011000000000000000000000000
00000000000000000000000000000000
11100011111000101110100110010001
10000100101000111010010010100100
10100100101001001010010010100100
10100100101001001010010010100100
10100100101001001010010010100100
10100100101001001010010010100100
10100100101001001010010010100100
10100100101001001010010010100100
10100100101001001010010010100100
10100100101001001010010011100011
11110011111100111111001100000000
00000000000000000000000000000000
00000000010100101100110111100010
11101001100100011000010010100011
10100100101001001010010010100100
10100100101001001010010010100100
10100100101001001010010010100100
10100100101000111010010010100100
10100100101001001010010010100100
10100100101001001010010010100100
10100100101001001010010010100100
10100100101001001010010010100100
10100100111000111111001111110011
11110100000000000000000000000000
00000000000000000000000010010011
10110111111000101110100010010001
10000100101000111010010010100100
10100100101001001010010010100100
10100100101001001010010010100100
10100100100111101000011010000110
10010110101001001010010010100100
10100100101001001010010010100100
10100100101001001010010010100100
10100100101001001010010010100100
10100100101001001010010011100011
11110011111100111010100000000000
00000000000000000000000000000000
00101000100100111011011111100010
11101001100100011000010010100011
10100100101001001010010010100100
10100100101001001010010010100100
10100100101001001010010010001010
10000100100001001000010010000110
10011101101001001010010010100100
10100100101001001010010010100100
10100100101001001010010010100100
10100100101001001010010010100100
10100100111000111111001111110100
10010100100001000000000000000000
00000000000000001000010010010011
10110111111000101110100110010001
10000100101000111010010010100100
10100100101001001010010010100100
10100100101001001010010010100100
10100100100010001000010010000100
10000100100001001000010010001010
10100010101001001010010010100100
10100100101001001010010010100100
10100100101001001010010010100100
10100100101001001010010011100011
11110011111101001001010010000100
00000000000000000000000000000000
10010011100100111011011111100010
11101000100100011000010010100011
10100100101001001010010010100100
10100100101001001010010010100100
10100100101001001010010010000111
10000100100001001000010010000100
10000100100001001000010010010011
10100011101001001010010010100100
10100100101001001010010010100100
10100100101001001010010010100100
10100100111000111111001111110100
10010100100100110000000000000000
00000000000000001001001110010011
10110111111000101110100110010001
10000100101000111010010010100100
10100100101001001010010010100100
10100100101001001010010010100100
10100100100001111000010010000100
10000100100001001000010010000100
10000100100001001000011110100100
10100100101001001010010010100100
10100100101001001010010010100100
10100100101001001010010011100011
11110011111101001001010010010011
00000000000000000000000000011011
10010011100100111011011111100010
11101001100100011000010010100011
10100100101001001010010010100100
10100100101001001010010010100100
10100100101001001010010010001000
10000100100001001000010010000100
10000100100001001000010010000100
10000011101001001010010010100100
10100100101001001010010010100100
10100100101001001010010010100100
10100100111000111111001111110100
10010100100100110011001000000000
00000000001100101001001110010011
10110111111000101110100110010001
10000100101000111010010010100100
10100100101001001010010010100100
10100100101001001010010010100100
10100100100010001000010010000100
10000100100001001000010010000100
10000100100001001000100110100100
10100100101001001010010010100100
10100100101001001010010010100100
10100100101001001010010011100011
11110011111101001001010010010011
00110010000000000000000000110010
10010011100100111011011111100010
11101001100100011000010010100011
10100100101001001010010010100100
10100100101001001010010010100100
10100100101001001010010010001000
10000100100001001000010010000100
10000100100001001000010110010111
10100100101001001010010010100100
10100100101001001010010010100100
10100100101001001010010010100100
10100100111000111111001111110100
10010100100100110011001000000000
00000000001100101001001110010011
10110111111000101110100010010001
10000100101000111010010010100100
10100100101001001010010010100100
10100100101001001010010010100100
10100100100010001000010010000100
10000100100001001000010010001111
10100011101001001010010010100100
10100100101001001010010010100100
10100100101001001010010010100100
10100100101001001010010011100011
11110011111101001001010010010011
00110010000000000000000000110010
10010011100100111011011111100010
11101000100100011000010010100011
10100100101001001010010010100100
10100100101001001010010010100100
10100100101001001010010010001011
10000100100001001000010010001010
10100000101001001010010010100100
10100100101001001010010010100100
10100100101001001010010010100100
10100100101001001010010010100100
10100100111000111111001111110100
10010100100100110011001000000000
00000000001100101001001110010011
10110111111000101110100110010001
10000100101000111010010010100100
10100100101001001010010010100100
10100100101001001010010010100100
10100100101000001000100110001001
10011010101001001010010010100100
10100100101001001010010010100100
10100100101001001010010010100100
10100100101001001010010010100100
10100100101001001010010011100011
11110011111101001001010010010011
00110010000000000000000000110010
10010011100100111011011111100010
11101001100100011000010010100011
10100100101001001010010010100100
10100100101001001010010010100100
10100100101001001010010010100100
10100100101001001010010010100100
10100100101001001010010010100100
10100100101001001010010010100100
10100100101001001010010010100100
10100100101001001010010010100100
10100100111000111111001111110100
10010100100100110011001000000000
00000000000110111001001110010011
10110111111000101110100110010001
10000100101000111010010010100100
10100100101001001010010010100100
10100100101001001010010010100100
10100100101001001010010010100100
10100100101001001010010010100100
10100100101001001010010010100100
10100100101001001010010010100000
10100100101001001010010010100100
10100100101001001010010011100011
11110011111101001001010010010011
00110010000000000000000000000000
10010011100100111011011111100010
11101001100100011000010010100011
10100100101001001010010010100100
10100100101001001010010010100100
10100100101001001010010010100100
10100100101001001010010010100100
10100100101001001010010010100100
10100100101001001010010010100100
10000111100001001000110110100100
10100100101001001010010010100100
10100100111000111111001111110100
10010100100100110000000000000000
00000000000000001001001110010011
10110111111000101110100010010001
10000100101000111010010010010000
10001010100010101000101010001010
10001010100010101000101010001010
10001010100010101000101010001010
10001010100010101000101010001010
10001010100010101000101010001010
10001010100010101000010010000100
10000100100010101000101110011111
10100100101001001010010011100011
11110011111101001001010010010011
00000000000000000000000000000000
10000100100100111011011111100010
11101001100100011000010010100011
10100100100001001000010010000100
10000100100001001000010010000100
10000100100001001000010010000100
10000100100001001000010010000100
10000100100001001000010010000100
10000100100001001000010010000100
10000100100001001000010010000100
10000100100101111010010010100100
10100100111000111111001111110100
10010100100100010000000000000000
00000000000000000010100010010011
10110111111000101110100110011000
10000100101000011010010010100010
10100001101000011010000110100001
10100001101000011010000110100001
10100001101000011010000110100001
10100001101000011010000110100001
10100001101000011010000110100001
10100001101000001000010110000100
10000110101000011010000110100100
10100100101001001010010011101010
11110011111101001001010010000100
00000000000000000000000000000000
00000000100100111011011111100010
11101000110011001000010010010011
10100100101001001010010010100100
10100100101001001010010010100100
10100100101001001010010010100100
10100100101001001010010010100100
10100100101001001010010010100100
10100100101001001010010010100100
10011100100010101010000110100100
10100100101001001010010010100100
10101100111100101111001111110100
10100010000000000000000000000000
00000000000000000000000010010011
11000110111000101110100111110011
10110110100000111001100010100100
10100100101001001010010010100100
10100100101001001010010010100100
10100100101001001010010010100100
10100100101001001010010010100100
10100100101001001010010010100100
10100100101001001010010010100100
10100100101001001010010010100100
10100100101001111110110011110011
11110011111100111110011000000000
00000000000000000000000000000000
00000000001010101110001111100010
11101000111100001111000011101001
11001111110010111101001011010111
11010111110101111101011111010111
11010111110101111101011111010111
11010111110101111101011111010111
11010111110101111101011111010111
11010111110101111101011111010111
11010111110101111101011111010111
11010111110101111110001011110000
11110000111100001111000011110111
01000101000000000000000000000000
00000000000000001100011011101010
11100011111000111110001111100011
11100011111000111110011111101101
11101111111011111110111111101111
11101111111011101110001111100011
11100011111000111110001111100011
11100011111000111110001111100011
11100011111000111110001111100011
11101101111011111110111111101111
11101111111011111110111111101111
11101111111011111110111111101111
11101110111010110000000000000000
00000000000000000000000000000000
11100111111000101110001011100010
11100010111000101110001011101110
11110011111100111111001111110011
11110011111100111111001111110011
11100100111000101110001011100010
11100010111000101110001011100010
11100010111000101110001011100010
11100010111000111111001111110011
11110011111100111111001111110011
11110011111100111111001111110011
11110011111100111111000100000101
00000000000000000000000000000000
00000000010011111110001111100010
11100010111000101110001011100010
11100110111100111111001111110011
11110011111100111111001111110011
11110011111100111111001111100101
11100010111000101110001011100010
11100010111000101110001011100010
11100010111000101110010011110001
11110011111100111111001111110011
11110011111100111111001111110011
11110011111100111111001111110011
10001100000000000000000000000000
00000000000000000000000001001101
11100010111000101110001011100010
11100010111000101110101011110011
11110011111100111111001111110011
11110011111100111111001111110011
11110011111100111111001111110011
11110011111100111111001111110011
11110011111100111111001111110011
11110011111100111111001111110011
11110011111100111111001111110011
11110011111100111111001111110011
11110011111100110000000000000000
00000000000000000000000000000000
00000000010011101110001111100010
11100010111000101110001011100010
11101001111100111111001111110011
11110011111100111111001111110011
11110011111100111111001111110011
11110011111100111111001111110011
11110011111100111111001111110011
11110011111100111111001111110011
11110011111100111111001111110011
11110011111100111111001111110011
11110011111100111111001100011100
00000000000000000000000000000000
00000000000000000000000001001111
11100011111000101110001011100010
11100010111000101110010011110011
11110011111100111111001111110011
11110011111100111111001111110011
11110011111100111111001111110011
11110011111100111111001111110011
11110011111100111111001111110011
11110011111100111111001111110011
11110011111100111111001111110011
11110011111100111111001111110011
00101100000000000000000000000000
00000000000000000000000000000000
00000000000000001101110111100011
11100010111000101110001011100010
11100010111010011111001011110011
11110011111100111111001111110011
11110011111100111111001111110011
11110011111100111111001111110011
11110011111100111111001111110011
11110011111100111111001111110011
11110011111100111111001111110011
11110011111100111111001111110011
11110011001011000000000000000000
00000000000000000000000000000000
00000000000000000000000000000000
00011110111001011101110011100011
11100010111000101110001011100010
11100011110100011010100110101001
10101001101010011010100110101001
10101001101010011010100110101001
10101001101010011010100110101001
10101001101010011010100110101001
10101001101010011010100110101001
10101001101010011010100110101001
11000010111100010001110000000000
00000000000000000000000000000000
00000000000000000000000000000000
00000000000000000000000000000000
00000000000000000000000000000000
00000000000000000000000001010000
10010011100100111001001110010011
10010011100100111001001110010011
10010011100100111001001110010011
10010011100100111001001110010011
10010011100100111001001110010011
10010011100100111001001110010011
10010011100100110101010100000000
00000000000000000000000000000000
00000000000000000000000000000000
00000000000000000000000000000000
00000000000000000000000000000000
00000000000000000000000000000000
00000000000000000000000110010011
10010011100100111001001110010011
10010011100100111001001110010011
10010011100100111001001110010011
10010011100100111001001110010011
10010011100100111001001110010011
10010011100100111001001100000011
00000000000000000000000000000000
00000000000000000000000000000000
00000000000000000000000000000000
00000000000000000000000000000000
00000000000000000000000000000000
00000000000000000000000000000000
00000000000000000010101010010011
10010011100100111001001110010011
10010011100100111001001110010011
10010011100100111001001110010011
10010011100100111001001110010011
10010011100100111001001100101010
00000000000000000000000000000000
00000000000000000000000000000000
00000000000000000000000000000000
00000000000000000000000000000000
00000000000000000000000000000000
00000000000000000000000000000000
00000000000000000000000000000000
00000000000000000000000010000100
10000100100100111001001110010011
10010011100100111001001110010011
10010011100100111001001110010011
10010011100100011000010000000000
00000000000000000000000000000000
00000000000000000000000000000000
00000000000000000000000000000000
00000000000000000000000000000000
00000000000000000000000000000000
00000000000000000000000000000000
00000000000000000000000000000000
00000000000000000000000000000000
00000000000000000000000000000000
00000000001100100011001000110010
00110010001100100011001000110010
00110010000000000000000000000000
00000000000000000000000000000000
00000000000000000000000000000000
00000000000000000000000000000000
00000000000000000000000000000000
00000000000000000000000000000000
00000000000000000000000000000000
00000000000000000000000000000000
00000000000000000000000000000000
00000000000000000000000000000000
00000000000000000000000000000000
00000000000000000000000000000000
00000000000000000000000000000000
00000000000000000000000000000000
00000000000000000000000000000000
00000000000000000000000000000000
00000000000000000000000000000000
00000000000000000000000000000000